﻿Month,Begin,End,Days,kWh,kW,$,$/kWh,,CDD,HDD,,X,X',Y_adj,Y_adj_est,kWh_est,$_est,% error
2019-09,43704,43733,30,607791,,98541,0.162129745,,439,0,,439,265.5078995,617920.85,588468.2769,578821.2559,93844.14278,-0.04766399
2019-08,43672,43703,32,663914,,108341,0.163185292,,490,0,,490,296.3527807,632793.0313,596890.1633,626245.4172,102194.0413,-0.056737142
2019-07,43642,43671,30,625428,1505,101290,0.161953095,,497,0,,497,300.5863919,635851.8,598046.1084,588242.0739,95267.62419,-0.059456766
2019-06,43610,43641,32,614707,1489,82286,0.133862149,,339,0,,339,205.0277401,585892.6094,571954.7742,600083.6975,80328.4933,-0.023789061
2019-05,43581,43609,29,542280,1355,48826,0.090038357,,326,5,,329.6238983,197.9788277,570328.9655,570030.1391,541995.87,48800.4174,-0.000523954
2019-04,43551,43580,30,529493,1308,47604,0.089904871,,49,120,,95.06223396,49.15947576,538317.8833,529396.5033,520717.8721,46815.07325,-0.016572699
2019-03,43522,43550,29,516315,1542,48419,0.093778023,,0,392,,118.7486972,63.77904577,543020.9483,533388.2307,507156.0226,47560.08921,-0.017739127
2019-02,43491,43521,31,571232,1591,52383,0.091701795,,5,400,,125.6835267,68.10466692,562018.5806,534569.2983,543332.7294,49824.58679,-0.048840525
2019-01,43461,43490,30,567284,1612,52182,0.091985672,,0,662,,180.5869618,107.7084906,576738.7333,545382.7263,536442.0258,49344.98028,-0.054367784
2018-12,43431,43460,30,561664,1550,50883,0.090593308,,0,594,,165.5881126,96.64477854,571025.0667,542361.8903,533470.7118,48328.87675,-0.050196004
2018-11,43399,43430,32,571307,1544,51487,0.090121423,,0,502,,144.7314702,81.67622698,544526.9844,538274.877,564747.412,50895.84059,-0.011481722
2018-10,43370,43398,29,571553,1494,42685,0.074682488,,143,123,,189.9811982,106.4989305,601116.0862,545052.468,518246.6089,38703.94609,-0.093265876
2018-09,43340,43369,30,654321,1575,104113,0.159116091,,434,0,,434,262.4838915,665226.35,587642.6017,578009.1165,91970.55137,-0.116627593
2018-08,43308,43339,32,664404,1560,104173,0.156791651,,422,0,,422,255.2262724,633260.0625,585660.9814,614463.9805,96342.8219,-0.07516514
2018-07,43278,43307,30,634997,1557,102218,0.160973989,,455,0,,455,275.184725,645580.2833,591110.4373,581420.1023,93593.51306,-0.084373466
2018-06,43246,43277,32,639860,1572,93682,0.146410152,,412,0,,412,249.1782565,609866.5625,584009.6311,612731.4163,89710.09993,-0.042397687
2018-05,43216,43245,30,564256,1456,50475,0.089454078,,267,3,,269.4082247,161.9701304,573660.2667,560198.3244,551014.7453,49290.51578,-0.02346675
2018-04,43186,43215,30,505321,1223,44914,0.088882117,,8,226,,84.43402874,41.60898505,513743.0167,527334.9173,518690.0826,46102.27235,0.026456614
2018-03,43155,43185,31,533051,1493,44124,0.08277632,,1,422,,126.9650202,69.26489679,524453.4032,534886.0874,543654.7118,45001.73624,0.01989249
2018-02,43126,43154,29,529295,1528,48930,0.092443722,,16,288,,108.7927382,56.53489994,556672.3276,531410.2891,505275.3568,46709.53478,-0.045380446
2018-01,43092,43125,34,662946,1787,59556,0.089835371,,0,826,,215.5678736,134.3915607,594701.5588,552668.2717,616089.221,55346.60386,-0.070679632
2017-12,43062,43091,30,551408,1606,48271,0.087541349,,0,620,,171.3615381,100.8750214,560598.1333,543516.9158,534606.8025,46800.20051,-0.03046963
2017-11,43034,43061,28,515492,1455,45035,0.08736314,,15,344,,121.9662459,65.0413906,561518.0714,533732.9013,489984.3028,42806.56747,-0.049482237
2017-10,43005,43033,29,561533,1494,54207,0.096533953,,95,146,,148.8867864,81.21059188,590577.8103,538147.74,511681.4577,49394.63358,-0.088777583
2017-09,42973,43004,32,625967,1548,96611,0.154338807,,227,10,,233.3095734,138.9169782,596624.7969,553903.8917,581145.0667,89693.23629,-0.071604307
2017-08,42943,42972,30,652024,1579,102910,0.157831614,,409,0,,409,247.3638517,662891.0667,583514.2261,573948.4191,90587.20508,-0.119743416
2017-07,42913,42942,30,646568,1618,101969,0.157708083,,490,0,,490,296.3527807,657344.1333,596890.1633,587105.0786,92591.21664,-0.091967003
2017-06,42881,42912,32,622859,1509,89018,0.142918381,,342,0,,342,206.8421449,593662.4844,572450.1792,600603.4668,85837.27522,-0.035731254
2017-05,42852,42880,29,535236,1383,45733,0.085444552,,194,28,,208.3789252,121.8871552,562920.6207,549254.0689,522241.5737,44622.69707,-0.024277938
2017-04,42822,42851,30,536418,1324,45219,0.084298066,,101,67,,129.8974714,71.9859713,545358.3,535629.0496,526848.2455,44412.2882,-0.017840107
2017-03,42791,42821,31,518288,1725,46978,0.090640725,,25,312,,123.9290128,65.88295381,509928.5161,533962.6817,542716.1683,49192.18688,0.047132421
2017-02,42762,42790,29,500258,1543,44370,0.088694234,,0,316,,99.9423751,51.41372057,526133.4138,530012.0023,503945.8382,44697.08999,0.007371873
2017-01,42732,42761,30,525717,1703,47060,0.089515842,,0,456,,134.0206976,74.1919512,534478.95,536231.3704,527440.6922,47214.29775,0.003278745
2016-12,42698,42731,34,588993,,49945,0.084797273,,0,553,,156.3796026,89.974011,528361.3676,540540.504,602569.7421,51096.2707,0.02305077
2016-11,42669,42697,29,518618,,44580,0.085959222,,11,283,,102.501697,52.69738373,545443.069,530362.4937,504279.0923,43347.43865,-0.027648303
2016-10,42640,42668,29,550875,,53190,0.09655548,,118,40,,137.12705,77.87465391,579368.5345,537236.8955,510815.4088,49322.02695,-0.072719929
2016-09,42608,42639,32,652464,,98658,0.151208343,,383,1,,384,231.8017119,621879.75,579265.1394,607753.5889,91897.41284,-0.068525484
2016-08,42578,42607,30,673782,,101649,0.150863336,,541,0,,541,327.197662,685011.7,605312.0496,595388.9013,89822.35564,-0.116347867
2016-07,42546,42577,32,704523,,105496,0.14974103,,572,0,,572,345.9465114,671498.4844,610431.2355,640452.4438,95902.00889,-0.090941752